   2.0000000e+00   1.1500866e+00  -9.8912737e-01   1.2365664e+00   1.3273356e+00  -2.7155537e-01   9.4387542e-02   2.0498343e-01  -1.1056346e-01  -1.5639098e-01   1.4720608e-02
   2.0000000e+00   3.2381068e-01  -7.7807524e-01  -4.9926138e-01   1.4004689e+00   3.9467063e-02   6.8204138e-01   1.8889038e-01  -1.1080789e+00  -1.4926966e+00   1.4119420e-01
   2.0000000e+00   1.4026648e+00  -2.3430337e+00  -4.3582929e-01  -8.8662194e-01  -2.7842808e+00   1.1144784e+00   1.8843949e-01   1.2263395e+00  -1.3182436e+00  -4.2222485e-02
   2.0000000e+00   3.3678459e-01  -6.2534206e-01  -4.9347645e-01  -1.2847806e+00   6.9108350e-01   2.3119881e+00  -1.1721926e+00   1.9880298e+00   2.2944624e-01  -1.3994399e+00
   1.0000000e+00   9.4336842e-01   1.5387583e+00   9.5714591e-01  -5.9337563e-01   1.9445422e-01   1.0458801e+00  -4.1692359e-01  -1.5379310e+00  -5.0129916e-01   4.5804896e-01
   1.0000000e+00  -1.3537256e+00  -1.1066382e+00   4.0915915e-01   3.0830228e-01  -3.8637415e-01  -1.5808426e+00   8.5571922e-02  -7.4233632e-01   6.2564312e-01   9.6006759e-01
   2.0000000e+00   2.5008223e+00   1.4851581e+00   1.9655748e+00   1.8631042e+00  -4.7166246e-01   9.6099175e-01  -4.0840206e-01   6.1140176e-01  -2.8134109e-01  -2.0854947e-02
   2.0000000e+00   1.7972365e-01   2.8951887e-01   1.3253906e+00   8.3498214e-01  -3.5011618e-01   8.2974865e-01   4.1020209e-02  -1.1651630e-01   1.9613715e-01  -7.5330812e-01
   2.0000000e+00  -1.5767105e-01  -8.6444702e-02  -9.1848566e-02   7.6223591e-01  -1.2617456e+00   4.7226285e-01  -1.3816614e+00   2.1412153e-01   2.2311527e+00  -1.1150333e-01
   2.0000000e+00   2.9060732e-02   9.9928383e-01  -7.3686505e-03   1.2331410e+00  -1.3037541e+00  -8.8910002e-01   2.7371814e-01   1.0977700e+00  -1.1140703e+00  -5.7031337e-01
   1.0000000e+00   5.5708353e-01  -4.0628177e-01   5.7150539e-02  -1.6671667e+00   1.2541643e-02  -1.4123102e+00   2.2566549e-01   7.6287204e-02   2.4955756e-01   8.7482815e-02
   2.0000000e+00   1.0671239e+00  -1.1342224e+00  -9.2767984e-01   7.9286082e-01  -7.2223103e-01  -5.7631760e-02   7.6849974e-01  -1.7763600e-01   7.3231529e-01   2.6602635e+00
   2.0000000e+00  -1.2351591e+00   5.1280964e-01  -9.4458814e-02   1.1696979e+00   4.0550185e-01  -1.5700852e+00   5.0059397e-01   2.2241596e-01  -2.1678633e+00   9.0007062e-01
   1.0000000e+00   7.9386990e-01  -1.3460063e+00   4.9276701e-01  -2.1695147e-01  -6.9408371e-01  -1.1807027e+00  -1.2455496e+00   1.2010118e+00   1.1619656e+00  -6.1616489e-02
   2.0000000e+00   2.2604963e+00  -1.0028208e+00  -1.6685201e+00  -5.7620869e-01   4.7246052e-01  -2.4455568e-01   1.6951482e-01   3.4354488e-01   2.5423050e-03   1.5772766e+00
   1.0000000e+00  -7.2868352e-01   1.6462203e-01   5.4272754e-01  -5.2257917e-01  -2.4564781e-01  -6.3923778e-01   1.0718410e-01   1.4819675e-01   1.2435858e+00  -1.1376805e+00
   2.0000000e+00  -3.8504873e-01   1.7516296e-01   5.9024663e-01   4.4498242e-01  -6.3738576e-02  -3.1416118e-01   2.0391368e+00   4.6476505e-01   3.3330077e-01  -6.4121198e-01
   2.0000000e+00  -1.8464310e+00  -1.6597439e+00   9.4274221e-01  -2.5228443e-01   9.4062908e-01  -2.4977593e+00   3.0597561e-01  -7.7783436e-01  -2.0024356e-01  -5.3195134e-01
   1.0000000e+00   2.6418604e+00   8.3723042e-01   1.0339245e-01   2.4175011e+00   1.6681362e-01  -1.0263312e-03   1.1402596e+00   2.1751958e+00   5.7800027e-01   1.2859430e+00
   2.0000000e+00   7.9044791e-01  -1.3131157e+00  -7.0783901e-01  -6.6238703e-01   1.5615402e-02   9.7531672e-01  -1.2298694e+00   9.0704291e-01  -8.2535219e-01   6.5806243e-01
   2.0000000e+00   1.5384699e+00  -5.8890969e-01  -3.6661696e-01   1.4117990e-01   9.6449995e-01  -4.9323061e-01  -2.4768074e-01  -2.0378594e-01  -9.3926324e-01  -1.7374346e-01
   1.0000000e+00  -1.5986549e+00  -1.3670787e-01   1.5849956e-01  -1.6536833e+00   7.2405455e-01  -6.7831472e-01  -1.0089052e+00   1.3249895e+00   1.9889879e+00  -1.2029106e+00
   2.0000000e+00  -4.3196831e-02  -6.9785366e-01  -1.1456978e+00   3.4216491e-01   6.7153066e-01  -6.9047273e-01  -3.2596627e-01   4.1623386e-01   6.5402837e-01  -9.2779806e-01
   1.0000000e+00   1.6822001e+00   1.1956801e+00   2.6523471e-01   1.8503380e+00  -7.1411741e-01  -4.7631683e-01   6.1196029e-01   4.4861921e-01  -1.8410263e+00   2.7708275e-01
   1.0000000e+00   2.3590091e-01  -8.3611118e-01   1.5445727e-01  -2.3237462e-01  -6.1926174e-01  -2.7420622e-01  -1.2222327e+00  -6.5040483e-01   1.1234569e+00   1.2969046e+00
   2.0000000e+00  -1.2592008e+00  -7.5286909e-01   9.2176598e-01  -2.6516599e+00  -1.5628435e+00  -6.9967527e-01  -1.3308846e+00  -9.0341844e-01   3.8166113e-01   5.3112191e-01
   2.0000000e+00  -8.0907218e-01  -3.9748145e-01  -2.2702078e+00  -5.3313260e-01   6.9283145e-01  -2.5101739e-01   6.7709357e-01  -5.1712964e-01   3.5213028e-01  -1.5717604e+00
   2.0000000e+00   1.7324587e+00  -8.5608048e-02   6.3321998e-01  -1.5511776e+00  -1.5233922e+00   1.7758109e+00  -6.7353115e-02  -7.1201587e-01   2.5129459e+00  -5.4354909e-01
   2.0000000e+00   1.1490868e+00  -1.5802590e-01   1.0272636e+00  -3.1669694e-01  -1.2697159e+00   6.8154655e-01   3.0816306e-01   6.8419301e-01   1.2263288e+00  -1.0016769e+00
   2.0000000e+00  -1.0275581e+00   3.3041517e-02  -8.4721439e-01  -1.9865380e-01   1.2902980e+00  -1.5084249e+00  -2.2164450e-01  -2.6472959e+00  -1.2222137e-01   8.6642542e-01
   2.0000000e+00  -1.0988613e+00   1.1031426e+00   4.9610030e-01  -1.1903008e-01   1.7239969e+00   2.0909737e+00   4.1871252e-01   1.8953239e+00   5.7364326e-01  -3.6373446e-01
   2.0000000e+00   3.7546866e-01   4.3263681e-02  -8.5484315e-01   8.0797555e-01  -9.4522758e-01   1.2831894e+00   1.5947114e-01   6.6350336e-01  -5.8642927e-01  -1.2655329e+00
   2.0000000e+00   1.0723472e+00  -7.9282214e-01   1.4185311e+00  -8.1669876e-01  -3.4203998e-01  -1.5549148e-01   3.5316659e-01  -5.8681009e-01   9.7607594e-02   7.9358326e-01
   2.0000000e+00  -7.3394128e-01  -1.0895444e+00  -3.8470882e-01  -7.8576163e-02  -1.9695206e+00   1.0623910e+00  -1.1709807e+00  -1.0396911e+00  -8.5159651e-01   1.6529802e-01
   1.0000000e+00   5.4856849e-01   7.8000506e-01   6.6384148e-02  -1.2578134e+00   7.1213633e-01  -5.5184481e-02  -7.3134133e-01   1.0025286e+00   4.1330563e-01  -4.5833838e-01
   2.0000000e+00   1.2574670e+00  -5.5525035e-01   3.1996940e+00   6.0202326e-02  -4.9403229e-01  -4.6842462e-01  -7.2340467e-01  -1.4313777e+00   2.9747792e-01  -7.6167633e-01
   2.0000000e+00  -1.3378003e+00   1.1572077e+00   1.3456453e+00  -1.3336234e+00  -9.7057633e-01   3.0291749e-01   7.5622029e-01   2.1355324e+00  -7.4018456e-01   1.3341370e+00
   2.0000000e+00   5.8132867e-01   7.1422387e-01   1.4232083e+00   5.5703206e-01   2.5319155e-02  -1.2988977e+00   5.5177440e-01  -8.7640789e-01   1.1141205e+00  -1.6166398e-01
   2.0000000e+00   1.1036370e+00  -1.2392498e+00  -8.1550713e-01   2.8090891e-01   2.3093630e+00   4.3257390e-02   3.0522470e-01   8.6787521e-01  -7.0858479e-02   2.9829318e-01
   2.0000000e+00  -2.8768625e-01  -6.7879013e-01   7.8623487e-01  -1.5954505e+00  -7.3698852e-01   2.0885784e+00   1.1593088e-01   2.2947257e-01  -6.4607200e-01   6.4364623e-02
   2.0000000e+00   9.1504666e-01   1.9001550e-01  -6.6997748e-02   3.1495269e+00   7.6635199e-01  -1.3925719e+00   1.0319429e+00  -1.8420918e+00  -1.5105586e+00   1.5793278e+00
   2.0000000e+00  -2.0809136e-01  -1.0493046e-01  -1.8866770e-01  -1.3244532e+00   1.0282496e+00   2.9556947e+00   1.9367701e-02  -1.4885742e+00  -1.3475656e+00  -6.2270299e-01
   2.0000000e+00  -1.7242479e+00   6.8136151e-01  -1.0433021e-01  -8.5812003e-01   5.5719871e-02  -2.2916325e+00   1.4262395e-01  -6.4672921e-01   2.0770388e+00  -4.6294421e-01
   2.0000000e+00  -1.8275513e+00   5.1169386e-01   1.3006843e-01   9.4379566e-01  -1.9999778e-01   6.8962287e-01  -2.5315651e+00  -1.1075770e+00  -2.0033008e+00  -6.4522086e-01
   2.0000000e+00  -2.9745570e+00  -1.2149629e+00  -1.1433709e+00   8.1374948e-01  -3.6276876e-01  -7.6009242e-01  -3.3934177e-01  -3.5589925e-01  -1.7749568e+00   1.0342667e+00
   2.0000000e+00   2.0437752e-01   4.2447631e-01  -5.7637455e-01   2.1344123e+00   5.3941167e-01   1.0076981e-01  -1.3435055e+00   7.2073482e-01   1.1540762e+00  -9.8254649e-01
   2.0000000e+00  -2.0934759e+00   3.4693343e-01  -1.3029169e+00   4.1912491e-01  -6.4956401e-01   4.0475407e-01   1.5669756e-01  -2.0582526e+00   2.6873804e-01   2.4609855e+00
   2.0000000e+00  -1.0084197e+00  -2.6582498e-01  -1.4964686e+00   2.4644953e-01  -9.1489844e-02   3.3411223e-01  -7.7898065e-02  -2.2543394e+00  -3.1741865e-01  -5.3054824e-01
   2.0000000e+00   6.1966399e-01   3.5052230e-02   9.9565591e-01   6.1368055e-01   8.2534197e-01   1.4807717e-01   2.3960262e+00   7.5604120e-01   3.9415006e-01   1.1967872e+00
   2.0000000e+00  -2.6349505e-01   7.5717613e-01   7.9509763e-01   1.5012221e-01  -1.2813246e+00   8.8952777e-01  -4.9194002e-01   5.3306337e-01  -5.5036828e-01  -7.1311876e-01
   2.0000000e+00  -2.5325511e-01   2.5210853e+00   2.1079007e+00  -9.9880858e-01  -3.5388528e-02   1.0545867e+00   1.0443155e-01   7.7820867e-01   3.0307093e-01   4.0894330e-01
   2.0000000e+00   9.7209504e-01  -2.2306471e-01  -8.7806889e-01   5.7878387e-01  -5.7599905e-01  -2.3594307e+00  -4.3968847e-01  -4.1412766e-01  -1.2791467e+00  -9.6659748e-01
   2.0000000e+00  -1.4510694e+00   7.8283474e-01   1.7984685e+00  -8.2103492e-01  -9.6455968e-01   1.5902468e+00   1.3978537e+00  -9.7465710e-01  -9.0227987e-01  -1.1450604e-01
   2.0000000e+00   2.4103962e-02  -1.5078425e+00  -2.0024507e+00   1.1061934e+00  -2.6135024e-01   7.4929765e-01   8.0483273e-01   6.2595341e-01   1.0583988e+00  -1.7225562e+00
   2.0000000e+00  -1.0461486e+00  -2.1899436e+00  -2.6249438e-01   5.6633383e-01  -3.2707207e-01  -2.1720421e-01  -6.2498232e-01  -6.5487524e-01   1.5190055e+00   1.8432382e+00
   2.0000000e+00  -1.5827128e-01   6.4222819e-01  -8.0037578e-02  -1.1171696e-01   3.4919217e-01  -6.7406206e-01  -2.6326056e-01  -1.1866701e+00  -1.2569707e+00  -3.5916201e-01
   2.0000000e+00  -5.3516584e-01   4.6121455e-01  -2.6347870e+00  -2.2783089e-01  -5.7778866e-01   6.2188728e-01   5.0160941e-01   8.4875100e-01   8.8024078e-01  -1.1490992e+00
   2.0000000e+00  -9.5942927e-02   1.0209666e+00  -1.1337986e-01   5.0210125e-01   8.0929750e-01  -1.2349938e-01  -1.1185953e+00  -2.9290900e-02  -1.8689309e-01  -1.4261498e+00
   1.0000000e+00   5.1895822e-01  -6.3690718e-01   6.3594881e-01   1.8540354e-01   5.0988955e-01  -1.0671047e+00  -2.7827565e-01  -5.9227426e-01   1.4543703e+00  -3.9752770e-01
   2.0000000e+00  -1.0289427e+00   1.3728599e+00  -6.6847095e-01   1.1664261e+00  -3.5454447e-01   1.4257821e+00   6.5048522e-01   4.2768147e-01  -3.2260143e-01  -6.3729777e-01
   2.0000000e+00   2.4924596e-01   6.1696266e-01   3.4506841e-01  -9.9499913e-01   1.1197200e+00   6.6831067e-01   9.3482133e-01   7.3423970e-01   9.2116816e-01  -7.0697354e-01
   2.0000000e+00  -4.3064364e-01   3.0237170e-01  -3.9086046e-01   4.9359333e-01  -4.3616380e-01   1.7547809e+00  -1.8228715e+00  -2.0675528e-01   4.2127002e-01   9.3847139e-01
   2.0000000e+00   5.7266923e-01   8.0738029e-01  -1.5004150e+00  -1.1164290e+00   7.4286291e-01  -7.6902450e-02  -1.3830772e+00   1.3518864e+00  -2.0646928e-01   4.3696344e-01
   2.0000000e+00  -1.1105126e+00   9.4519168e-02  -1.6802775e-02   5.3318473e-01   9.1149404e-01  -2.0448741e-02   1.9899760e-01  -1.1535150e-01  -1.5806929e+00   4.6299342e-01
   1.0000000e+00  -3.3905016e-01  -1.6154355e+00   6.9492571e-01   6.0592551e-01   2.7024044e-01  -6.9087651e-01  -6.1755959e-01   1.1482209e+00   5.9140131e-01  -1.5275268e-01
   2.0000000e+00  -5.2527655e-01   4.5131315e-01  -1.7621752e+00  -1.3954930e+00  -9.3143462e-01  -6.0925661e-01   1.4046271e+00   1.4424931e+00   7.9651969e-01   9.1122287e-01
   2.0000000e+00   1.1621029e+00   7.3996814e-02   1.2504948e+00  -1.4615016e+00   9.5936707e-01   1.8017278e+00   1.2149092e+00  -2.6391355e+00   4.1701251e-01   1.0869035e-02
   2.0000000e+00  -1.1549621e+00  -1.7375604e+00   1.4891429e+00  -8.4296567e-01   7.2515973e-01  -1.1102769e+00  -2.7855449e-01   4.4400711e-01  -1.1092382e-01   2.8375765e-01
   1.0000000e+00   1.3661224e+00  -6.3925172e-02   6.2584270e-01  -7.8876139e-02  -3.5671417e-01   1.2836385e+00  -1.6032274e+00   2.8359918e-01   1.4155007e-01   3.1284553e-01
   2.0000000e+00   9.5028534e-01   2.7509507e-01   1.7061491e-01  -5.6399317e-01   1.7441162e+00  -9.8224216e-02  -7.7079532e-01  -8.6807215e-01   1.7449457e+00   8.6665365e-01
   1.0000000e+00  -8.3143923e-01   7.0832975e-02   6.0498652e-01   1.3525149e+00   3.4593675e-01  -4.6867989e-01  -7.2406937e-01  -2.6510479e+00   3.5091109e-01  -5.5164799e-01
   2.0000000e+00  -1.7343830e+00   4.7422660e-01  -4.2196874e-01   3.0943827e-03  -1.3306757e-01  -6.7883625e-01   1.1846515e+00  -1.9838412e-02   1.0357633e-01  -1.1052456e+00
   2.0000000e+00   1.4065010e+00  -1.0197006e-01   1.4740682e+00  -2.0997800e+00   1.0992155e-01  -7.4084420e-01  -1.1819343e+00   1.5639189e-01   4.0771738e-01  -5.5610054e-01
   2.0000000e+00  -7.0532392e-01  -6.1798895e-01  -8.1419702e-01   7.1700498e-02  -3.7163158e-01   5.9170002e-01  -2.9834709e-01   6.6966430e-01   3.6554541e-01  -1.2188359e-01
   2.0000000e+00   3.2906664e-01  -3.7731032e-01  -6.9231333e-01  -1.8139424e+00  -5.0048445e-01   3.7636371e-02   8.5094031e-01  -1.0062789e+00   4.4236885e-01   1.7351563e+00
   2.0000000e+00  -1.0140738e+00   1.1936708e+00  -1.0460500e+00   4.9642430e-02   3.1308727e-01   1.5731986e+00  -1.3645965e+00   4.9189448e-01   1.2099673e+00  -5.4865202e-01
   2.0000000e+00  -1.3087125e+00  -8.9280864e-01   7.4130321e-01  -1.5024444e+00  -1.0133127e+00  -3.6661547e-01   6.9473866e-01  -1.2435621e-02   3.1628776e-01   8.5730201e-01
   1.0000000e+00   4.0483911e-01   5.8375415e-02   2.2524258e-02   1.2186703e+00   1.9057536e-01  -3.4148835e-01  -2.3007099e-01  -1.3470506e+00  -4.3270366e-01  -1.8748168e-02
   2.0000000e+00  -1.1232393e-01   3.4972651e-01   1.5177908e+00  -1.0524842e+00   5.8475950e-01  -3.9268010e-01   7.5149856e-01  -1.2333167e-01   2.0955850e-01   2.0274491e+00
   2.0000000e+00  -2.2955110e-01  -6.6726914e-01  -1.0493390e+00  -1.2444819e-01   1.2532730e+00  -3.1134005e-02   9.2058331e-01   9.3747239e-02   5.0301229e-01  -1.8660773e-01
   2.0000000e+00  -4.0654007e-02  -5.6616964e-02  -9.9766794e-01  -1.8807109e+00  -1.5144799e+00   5.3204599e-01   7.8182116e-01   3.5978465e-01   1.1117621e-01   1.4952530e+00
   2.0000000e+00  -9.0729941e-01   1.1207495e+00  -4.3992525e-01  -8.9341267e-01   8.2233139e-01  -1.7529761e+00   1.3478229e+00   9.3285109e-02  -5.6896126e-01   1.5890155e+00
   1.0000000e+00   3.1717454e-01  -1.5301206e+00   7.9933359e-01  -3.0393631e-01   3.8130262e-02  -1.5624457e+00   1.6898556e+00   6.3479960e-01  -6.4425609e-01   5.0611361e-01
   2.0000000e+00   1.5522027e+00   6.7383336e-01   1.6576767e+00   4.4639675e-02  -6.2868148e-01  -6.6728786e-01   1.0001379e+00   8.1182890e-01  -1.8168433e+00   9.5623256e-01
   2.0000000e+00  -4.5132554e-01   4.8087820e-01   7.8886739e-01  -8.8527782e-01  -1.2427352e+00  -1.0087020e+00   5.7830646e-01  -9.0429323e-01  -6.5155498e-01   9.8527246e-01
   2.0000000e+00   2.2209378e+00  -5.1208245e-01   1.2500176e+00  -1.3153908e-01  -2.8183602e+00  -1.1446228e+00  -4.9791764e-01  -9.3820258e-01  -3.8437583e-01  -1.5074738e-02
   1.0000000e+00   8.3185677e-01  -1.5327611e+00   6.9922564e-01  -1.5711303e+00   2.6020497e-01   5.1465270e-01  -1.2373506e+00   1.0285595e+00   1.6146836e+00   9.6956454e-01
   2.0000000e+00   1.9271478e+00   2.2253950e+00  -9.9444555e-02  -7.8284395e-01   1.3654960e+00   6.3157568e-02  -6.4611211e-01  -2.3495882e-01   6.6339488e-02  -1.2219201e-01
   2.0000000e+00  -3.3013818e-01   3.7574795e-01   5.4420680e-01  -1.0898138e+00   1.0916144e+00   1.3595880e-02   6.2211995e-01   2.1140373e+00  -1.1053283e+00  -2.1628875e-01
   2.0000000e+00   6.6465662e-01   4.4319732e-03  -6.7458097e-01   8.7469869e-02  -1.3071715e+00   3.3512291e-01   1.2611131e-01  -3.8629143e-01   1.9550569e-01   6.2982728e-01
   2.0000000e+00  -1.1713821e+00   9.4282084e-01  -8.5790162e-01   1.0354194e+00  -8.5901216e-02   9.5727692e-01  -1.5440039e+00   4.1203252e-01  -1.1099457e-01   3.9603389e-01
   2.0000000e+00  -1.5158215e-01  -7.5053285e-01  -5.0433271e-01  -3.9172698e-01   1.2217734e+00   1.7161382e+00   1.4771404e+00  -2.6653164e-01  -6.1226631e-01  -1.0902875e+00
   2.0000000e+00   1.1198609e+00   1.3479003e+00   6.0483050e-01   6.7819236e-01  -1.3430878e+00   6.7795600e-01   8.2192436e-02   2.3808413e-01  -4.9745788e-01  -1.3894616e+00
   1.0000000e+00  -1.5555639e+00   1.2601841e+00   7.9851077e-03  -8.2627957e-01   7.3289474e-01  -1.2700222e+00   9.3815741e-01   4.7568650e-01   1.9572010e-02  -8.8209147e-01
   2.0000000e+00  -1.4760700e+00   1.2770819e+00   1.3014083e-01   1.0659009e+00   1.7145680e+00  -9.5651505e-02   8.6123760e-01  -4.1707267e-01   2.3707147e-01   9.2729925e-01
   2.0000000e+00   7.2567654e-03   1.3959053e-01   1.5133822e+00   1.0460593e+00  -6.1880020e-01   1.8175203e+00  -1.8466633e+00   4.9111917e-01   1.7736004e+00   3.2203695e-01
   2.0000000e+00  -1.0973119e+00  -2.5104368e-01  -2.7715529e-02  -1.3457484e+00  -2.1957312e-01   9.5549806e-01   2.2121180e+00  -8.7700222e-01   9.5984485e-01  -1.5957010e+00
   2.0000000e+00  -3.5139697e-01   1.4885933e+00  -1.0904718e+00   3.0584316e+00  -9.1574619e-01  -7.0195029e-01   3.1825170e-01   3.1691010e-01  -1.0819638e+00  -1.6909392e-01
   2.0000000e+00  -1.3368615e+00   2.0232078e-01  -1.5878873e+00   1.9660353e-01   2.2175451e-02  -6.7796784e-01  -1.3416525e-01   5.0597890e-01  -2.6921618e-01   1.7784566e+00
   2.0000000e+00  -1.6919241e-01   4.0075390e-01  -4.8207313e-01  -7.3821330e-01   1.5783025e+00  -1.9540379e-01   1.5162278e+00   4.2186162e-02  -1.7114561e-02   1.2745265e+00
   2.0000000e+00   1.4245439e+00  -7.6931571e-01   2.3651224e+00   3.5915325e-01   2.0788501e-01  -1.1793928e-01  -1.1215984e+00   7.9583921e-02   7.3348270e-02  -8.6769398e-01
   1.0000000e+00   1.2824108e+00  -1.4306533e+00   2.6284961e-01  -1.1832146e+00  -1.8134889e-01   1.6666833e-01  -9.3102393e-01  -9.2610833e-01   2.9220325e-01  -1.0260285e-01
   1.0000000e+00   4.2037962e-01  -1.2640705e-02   5.4581696e-01   8.0664573e-01  -1.9871650e-01   3.5168405e-02   1.0939544e+00   4.0359144e-01   6.8551790e-01  -1.6406897e+00
   2.0000000e+00   2.5920306e+00   1.3031815e+00  -8.8464096e-01  -3.5825560e-01  -2.5227954e+00   3.5024342e-01   1.1777213e+00   7.3605741e-01  -1.4054006e+00   1.6189187e+00
   1.0000000e+00   6.0279416e-01   1.8978763e-01   1.9351616e-01  -1.7663654e-03  -1.7596743e-01  -3.8947557e-02   3.6102419e-01  -1.8136347e-01   5.8960391e-02  -1.8126954e+00
   2.0000000e+00   5.5409210e-01  -3.5937350e-01  -2.0748915e-01   1.0298719e+00  -2.1245001e-01   3.1272650e-01   1.2927493e-01  -7.8719830e-01   1.7402340e+00   1.4349361e+00
   1.0000000e+00  -1.2199761e+00   8.6390509e-01   7.1371863e-01  -5.5844330e-01   3.8370521e-01  -1.7452561e-01   6.0309753e-01   1.0438707e+00  -3.0881645e-01   1.2802753e+00
   2.0000000e+00  -1.0901109e+00  -1.1283466e+00  -9.4334474e-01   1.2311795e+00   7.3484275e-01  -5.3356367e-01   8.5287686e-01   4.5442011e-02  -2.0283768e-01  -4.1505070e-01
   2.0000000e+00  -6.7013667e-01   1.9016425e+00  -3.7403672e-01   2.3050390e-01  -4.2321897e-02   4.1471330e-01  -8.1302272e-01   1.8752251e-02  -5.7291830e-01  -4.7215751e-01
   2.0000000e+00   1.5608788e+00   2.9734607e-01  -5.8528475e-01   3.4533391e-01  -2.4862510e+00   2.4608768e-01   3.9487130e-02  -2.7198150e-01  -1.1717520e+00  -3.3452372e-01
   2.0000000e+00   9.9112957e-01   1.1738479e-01  -2.8553312e-01  -5.1449591e-01   9.4831606e-01  -1.1464563e+00   1.1959814e-01   1.0679504e-01  -1.6685065e+00  -4.6137345e-01
   2.0000000e+00   4.9654827e-01   7.0853982e-01  -2.3790593e-01   1.5329112e-01   4.1179801e-01  -1.4117320e-01  -7.8338418e-02   7.2262756e-01  -9.2837744e-01  -2.0254334e-01
   1.0000000e+00   4.4733200e-02  -9.2708640e-01   7.2051748e-02  -2.6588069e+00   1.6712021e-01  -5.6837765e-01  -4.7309113e-01   2.3499949e-01  -2.1224604e-01   7.9743807e-01
   2.0000000e+00  -1.4018359e+00   1.0735927e+00  -5.8946230e-01  -5.7714156e-01   2.7528670e+00   2.2724305e+00  -7.9083592e-01  -3.0138744e-01  -9.4831167e-01  -1.2168809e-01
   2.0000000e+00   6.3773543e-01   1.5736029e+00   9.9206850e-01   5.7593611e-01  -5.6722721e-01   1.1233849e+00  -1.9002230e-01   3.7261669e-01  -3.1225759e-01   1.1867411e+00
   1.0000000e+00  -5.0873648e-01  -1.4965853e+00   4.7584420e-01  -1.0198155e-01  -1.0617166e-01   7.0557935e-01  -8.5146991e-01   3.3283627e-01   7.2084458e-01   9.6279688e-01
   2.0000000e+00   3.1651694e-01   4.8424413e-01  -1.1008336e+00   3.1581072e-01   1.2497974e-01   5.3509537e-01   1.0897588e+00  -8.5023098e-01   6.8413619e-01   5.6768055e-01
   2.0000000e+00  -1.2491601e+00  -7.6891111e-01  -1.7967187e-01  -1.4347626e+00  -3.3734824e-01   1.3028646e+00  -8.7920248e-02  -1.8651799e+00  -1.3371419e+00  -4.0824210e-01
   1.0000000e+00  -1.3488690e+00  -5.6560975e-01   5.8396549e-01  -6.4871815e-02   5.4874709e-02   1.3522660e+00   2.5181950e-01  -4.0483147e-01   1.2391908e+00  -1.2875392e+00
   2.0000000e+00  -4.7793513e-02   8.7433295e-01   1.9493481e+00   3.3014268e-01   3.4311151e-02   2.6220243e+00  -1.1527385e-01   8.8750733e-01  -3.8596084e-01   7.3573372e-02
   2.0000000e+00  -1.2773336e+00   5.8532091e-04  -5.4651202e-01   4.2792477e-01  -8.4872503e-01  -6.9127058e-01  -2.0763169e-01  -8.6844945e-01   1.1833075e-01  -1.9294346e-01
   1.0000000e+00   1.3295994e+00   5.7039093e-01   3.8216504e-01   1.7179842e+00  -4.8144944e-01   2.5421654e-01  -1.3370322e+00   7.8292737e-02  -7.0168159e-01  -1.0587028e+00
   2.0000000e+00  -1.2874393e+00  -7.7872435e-01  -1.3206974e+00  -5.3541271e-01   2.8492766e-01  -5.4455930e-01  -8.4969557e-01  -4.9097362e-01   1.2652527e+00  -1.7010804e+00
   2.0000000e+00  -1.4129764e-01  -7.6232697e-01  -6.5063418e-01  -6.9510312e-01   1.4195685e-01  -1.1554309e+00   1.2941490e+00   1.2102316e+00  -1.1790221e+00   1.3218735e-01
   2.0000000e+00  -7.7327983e-01   1.1357812e+00  -1.2034989e+00   2.6259860e-01   6.5101498e-01  -3.8392086e-01  -1.0256605e-01  -1.6821675e+00  -7.2293158e-01  -1.0719764e+00
   2.0000000e+00  -1.0897787e+00   6.8106547e-01   1.6554529e+00  -9.7379125e-01   1.2846748e+00  -4.0008018e-01  -4.9804064e-01  -3.5245814e-02   5.8237456e-01  -4.4805352e-01
   2.0000000e+00  -2.8317738e-01   1.1867211e-01  -1.3717294e+00  -1.4599396e+00  -1.3845498e+00  -1.7362812e-01   3.5715916e-01  -1.1265695e+00   1.8019349e+00   3.3584090e-01
   2.0000000e+00  -8.9157425e-01  -1.7469145e-01  -1.0771958e+00  -5.0031999e-01  -1.0987827e+00   9.4172006e-02   3.0760324e-01   1.2837266e+00   2.3095679e+00  -2.5209367e+00
   2.0000000e+00   1.2056497e+00   1.6770989e+00   1.1330838e+00  -3.2164526e+00  -4.8073409e-01   3.5791478e-01  -5.9786796e-02  -2.0699768e+00  -1.4639290e-01  -2.2760188e-01
   2.0000000e+00   1.6862747e+00   9.5527997e-01  -7.3864153e-02   1.2836145e+00   1.6579051e+00   1.3040814e+00  -3.3595743e-01  -5.5789836e-01   2.8855617e-01  -6.8206066e-01
   2.0000000e+00  -2.8071150e-01   2.6055213e-01  -5.7532129e-01   4.6663515e-01   1.5752266e-02   3.0224535e+00   2.4636728e+00  -3.5218133e-01   6.6482164e-01  -1.0483904e-02
   1.0000000e+00  -1.8329130e+00  -1.6512459e+00   2.0982074e-01  -1.6310170e+00  -4.7759362e-01  -2.1054464e+00   5.5878382e-01  -6.3842052e-01  -1.3689754e+00   5.3618331e-01
   2.0000000e+00  -1.0830872e+00  -1.1787421e+00  -7.4091953e-02   9.0696359e-01  -9.8364764e-01  -6.0096275e-01  -4.0224132e-01  -1.9097129e-01   1.3275882e+00  -1.8254346e+00
   2.0000000e+00  -1.6790253e+00  -1.2285073e-01  -4.4438804e-01  -2.7380731e-01   4.1810084e-01   1.2656203e+00   1.0899550e+00  -1.6217331e+00  -1.0497902e+00   8.9047999e-01
   1.0000000e+00   1.0919525e+00  -1.2584855e+00   2.9279270e-01  -6.0557476e-01   1.6848261e-01  -1.6390811e+00   2.4130379e-01   2.6722858e-01   2.1555398e+00   8.0658016e-01
   1.0000000e+00   9.5698844e-01  -1.0243015e+00   4.3089976e-02  -9.3095582e-01   2.0659013e-01  -4.5793701e-01   6.7964403e-01   1.4097654e+00   6.0294126e-01  -9.6477917e-01
   2.0000000e+00   2.1669095e-01  -1.7660262e-01  -5.4015991e-01  -6.6151399e-01  -8.7484369e-02   1.3831776e+00  -9.5297775e-02  -6.2089482e-01  -6.4406597e-01  -6.4082807e-01
   2.0000000e+00   2.4008637e+00   2.5893648e+00  -4.0650128e-01   5.0059351e-01   1.1619845e+00  -2.3402193e+00  -5.6576440e-01   8.3245017e-01   5.1330843e-01  -1.7293013e+00
   2.0000000e+00   4.0879373e-01  -1.4025649e+00   1.2440669e+00  -1.7350255e+00  -1.3674678e+00  -2.3257749e-01  -2.7475329e-01   1.3777153e+00   5.1638711e-01  -8.5119695e-02
   2.0000000e+00  -3.1603505e-01  -9.8507047e-01  -5.1938043e-01  -7.1519594e-01  -4.3227846e-01   1.0338807e+00  -1.7132576e+00  -1.5586302e+00   5.6954065e-01   4.9709507e-01
   2.0000000e+00  -1.9966562e-01  -1.1895307e+00   1.0195887e+00  -1.0884181e+00   1.3709691e+00   8.0283645e-01  -2.1103581e+00  -3.1445572e-01  -2.0252510e+00   7.8534500e-01
   2.0000000e+00  -1.8855294e-01  -3.1774673e-01  -1.6209140e-01  -1.9342156e+00   6.9265936e-01  -1.0747410e-02   1.3533553e+00   7.4407040e-01  -8.2806758e-01  -7.0789124e-01
   2.0000000e+00  -4.8493762e-01   7.6503664e-02  -1.2608355e+00  -1.0968000e+00   2.7021658e-01   1.7534022e+00  -1.7648004e+00   7.1223443e-01   1.0524725e+00  -1.1765098e+00
   1.0000000e+00   9.2200195e-01  -1.2788547e-01   7.6098364e-01   5.9120585e-01  -3.7228539e-01  -5.0507566e-01  -2.2925381e-01  -8.8032879e-01   1.8432024e+00   1.2166636e+00
   2.0000000e+00   1.2678312e+00  -1.0409828e+00  -1.2594312e+00  -5.6831174e-01  -1.2786486e+00   9.4640754e-01  -1.9636977e-01   1.3635940e+00  -9.8790177e-01  -3.0331813e-01
   2.0000000e+00  -4.8040397e-02  -1.0532137e-02  -1.1163268e-01   1.2183598e-01   2.9506656e-01  -5.7235242e-01   1.7643798e+00   1.2659179e+00  -1.3233388e+00  -1.1912430e+00
   2.0000000e+00  -1.7668715e+00   9.6050910e-01   1.5514210e+00   8.1454702e-01  -5.1348637e-01   7.3688051e-01   1.0914688e+00  -1.0060923e+00  -8.4628343e-01   1.0178949e+00
   1.0000000e+00   1.0269426e+00  -1.7262858e-01   2.4817489e-01   1.7194922e+00   6.8844594e-01   4.9739856e-01  -7.0618286e-02   4.9733433e-01  -2.2910265e-01  -4.5329267e-02
   2.0000000e+00   1.6237737e-01   3.9984975e-01  -3.5488268e-02  -9.8137148e-01   1.5638584e+00   1.8331017e+00  -4.2325394e+00  -4.1464639e-01   1.1457517e+00  -7.3715387e-01
   2.0000000e+00   1.7546890e-01   1.4015547e-01   1.6258289e+00  -1.5517195e+00  -4.9785683e-01   1.4616624e-01  -1.6891181e-01   8.3321470e-01   1.2329093e+00   8.9673615e-01
   2.0000000e+00   7.2053308e-01  -1.5972927e+00  -4.0103524e-02  -1.1642591e+00   1.4458420e+00   5.4149387e-01   7.7119629e-01  -1.8491332e+00  -3.2102426e-01   1.6846959e+00
   2.0000000e+00  -4.4524494e-01   8.6476638e-01  -1.5638680e-03  -1.3657484e+00   5.9956699e-01   1.4105557e+00   7.8065603e-01  -4.2693121e-01  -1.7239578e-01   7.6799120e-01
   2.0000000e+00  -1.0561547e+00   1.4772239e+00   1.0699939e+00   1.3937869e+00  -5.6287092e-01  -5.2444883e-01   2.6492390e-02  -6.3542193e-01  -1.1332346e-01  -5.4863832e-02
   2.0000000e+00   1.8930656e+00  -4.1003465e-01  -8.7619871e-01  -3.2878763e-02   1.0692803e+00   1.4582111e-01   5.0514171e-01  -5.1158845e-01  -1.1397433e+00  -5.8303485e-01
   2.0000000e+00  -1.3512772e+00  -2.1450769e-01  -4.9974793e-01  -9.2030925e-01  -1.4406580e-01  -1.2777375e+00   1.1399521e+00   1.6903746e+00   3.1921290e-01  -9.1333028e-01
   2.0000000e+00   8.2111240e-01  -9.1241915e-01  -6.2901295e-01   2.0998343e+00   1.5450705e+00  -2.9220761e-02   8.9623581e-01   1.3827263e-01   6.4864398e-01   3.1692579e-01
   2.0000000e+00  -7.0641678e-01   5.2626377e-01   1.4048923e+00   3.1115026e-01  -1.4187124e+00   3.3447296e-01   2.5836207e+00  -1.1106099e+00  -4.4097267e-01   1.8224111e+00
   2.0000000e+00   9.7006940e-01  -1.7953806e+00   1.9344092e-01   9.9852058e-01   1.0203428e+00  -1.5066370e-01   4.5400198e-01   3.3270094e-02   4.8683410e-01   6.8768679e-01
   2.0000000e+00   1.1404181e+00  -2.4276604e-01   3.7221198e-01  -1.8700891e+00   2.3421626e+00   1.2560791e+00   6.8559323e-01  -8.4554471e-02  -1.7959536e+00  -5.3484207e-01
   2.0000000e+00  -1.2534181e+00  -1.6508108e+00  -6.8659896e-01  -1.4851940e+00  -1.8817924e-01  -1.1751868e+00  -1.4820154e-01  -1.7063322e+00   7.1941938e-01  -7.8860790e-01
   2.0000000e+00   9.2411407e-01   1.0881979e+00   8.0344426e-01   5.1662529e-01   8.2089275e-01  -7.2053290e-01   2.6219926e-01  -9.2161710e-01   5.2869376e-01  -1.0963560e+00
   2.0000000e+00  -6.6344193e-01  -3.6592523e-01   3.7590741e-01  -4.3508944e-01  -1.4169997e+00   2.7281201e-01  -2.5029671e-01  -4.0747455e-01  -7.9776265e-01   9.3951347e-01
   2.0000000e+00   1.7519566e+00   8.3058554e-01  -3.6115210e-01   3.1644956e-01   1.6443093e-01  -2.5903505e-02   1.5713286e+00  -1.2493364e+00   2.3066087e+00  -1.1452371e+00
   1.0000000e+00  -1.4839580e+00   2.3074232e+00   5.8465561e-01  -9.7434940e-02   6.0235734e-01  -7.0411192e-01  -6.7284148e-01   4.8236393e-02   7.6432479e-01  -6.0114026e-01
   2.0000000e+00  -1.1027886e+00   6.0166515e-02  -3.3565712e-01  -9.9563398e-01  -1.1698918e+00  -1.6542711e-01  -1.0014675e+00  -1.7221495e+00  -7.6883597e-02  -9.8737670e-01
   2.0000000e+00  -1.4507404e+00  -9.1859818e-01  -1.3984227e+00   9.5369352e-01   7.4001966e-01   1.5261936e+00   6.7087815e-01   1.0488919e+00  -8.0985416e-01   9.4013285e-01
   2.0000000e+00  -1.4593322e+00  -3.4459880e-01  -2.5648471e-01   9.1423901e-01  -4.0837768e-01  -6.4192667e-01  -8.1728962e-01  -1.8072459e-01   2.4057173e-01   1.6845285e-01
   1.0000000e+00   1.3324047e+00  -2.1240432e-01   4.5320516e-01  -2.4190045e-01   6.3786242e-01  -1.7063518e+00   5.8357804e-01   1.8562671e+00   1.9004655e+00   5.8058476e-01
   1.0000000e+00  -1.2763373e+00   5.0942168e-02   3.8824478e-01   6.2107579e-02  -4.9093967e-01   7.7198523e-01  -6.2290118e-01   1.8464119e+00   9.6784425e-01  -3.9049345e-01
   2.0000000e+00   9.9202504e-01  -1.1684915e+00   9.1361303e-01   6.6978219e-01  -1.2661906e+00   1.7512548e-01   1.6810551e+00  -1.8357986e-01   5.1326677e-01  -1.9295682e+00
   2.0000000e+00   2.8445110e-01  -2.6813065e-01  -3.0084163e-01   9.8666197e-02  -1.1647008e-01   9.9795287e-01  -1.6342628e+00  -6.9693607e-01  -6.3871440e-01   1.0850603e+00
   2.0000000e+00  -1.1299552e-01  -5.9936584e-01  -9.6150709e-01  -1.1693898e-01   8.7724566e-01   8.8491913e-01   1.1104280e-01  -3.9976383e-01   1.0379142e+00   1.8662208e+00
   1.0000000e+00   6.0854494e-01  -5.3828798e-01   1.4635153e-01   8.1363939e-01  -8.8782633e-01  -3.7469982e-01   1.2654747e+00  -8.4046386e-01   3.1842207e-01  -1.4580367e+00
   2.0000000e+00  -6.0772591e-02  -5.8717208e-01  -1.7769072e+00  -5.1507452e-01  -2.4849650e-01   4.8149845e-01   3.6102442e-01   1.5471439e-01  -5.2173245e-01  -5.4903729e-01
   2.0000000e+00  -7.0899553e-01   1.5708409e-01  -7.8469277e-02   1.1371005e+00  -6.2086959e-02  -1.8282356e+00   5.6702999e-01  -1.4254568e+00  -4.0591032e-01   3.0039809e-01
   2.0000000e+00   2.8620670e-01   5.7519683e-01   1.3400761e+00   9.6284379e-01   5.3765715e-01   1.8630479e+00  -6.5613319e-01  -1.5177242e+00   2.9430871e-01   8.3251627e-02
   2.0000000e+00   1.1234057e+00   7.0057641e-01   1.6071099e+00   1.1656335e+00   7.7634325e-01  -2.5928815e-01  -7.5881697e-01   1.6343024e+00   5.6710361e-01  -3.3956137e-01
   2.0000000e+00   8.0423291e-02  -3.4730756e-01  -5.0227675e-01  -9.4194298e-02   1.3955848e-01  -1.5725845e-01   7.9331367e-01  -1.5465249e-01   2.1670704e-01  -1.2691949e+00
   2.0000000e+00  -2.3308711e-01   5.1732981e-01  -7.0564787e-01  -5.6234924e-01  -1.5151789e+00   1.5295547e-01  -1.0123277e+00   3.8656240e-01  -6.8867502e-01  -4.5912223e-01
   2.0000000e+00  -2.9480911e-01   8.9583927e-01  -1.6193897e-01  -7.0071310e-01   7.0003235e-01  -7.8996660e-01  -7.3487698e-01  -1.4312307e-01  -1.6707007e-02  -2.4502776e-01
   1.0000000e+00  -1.0911142e+00  -5.8150834e-01   2.8874116e-01   1.5172043e-01  -1.7756062e-01   1.2154918e+00  -1.0281299e-01  -4.8405647e-01  -1.0100003e+00  -7.7132991e-01
   2.0000000e+00   7.0227121e-01  -5.8556935e-02  -2.9194518e-01   4.0107653e-01   1.8767169e+00   5.0195119e-01  -1.3105616e+00  -1.9564147e-01  -1.7381130e-01  -5.9509268e-01
   2.0000000e+00  -2.6611047e+00   1.0434799e+00  -8.4982459e-01   8.7779448e-01   2.2417755e-01   2.2823218e-01  -5.2824539e-02  -1.6322773e+00  -2.8818822e+00  -1.6782625e+00
   1.0000000e+00  -2.0013659e+00  -1.9742593e+00   1.8121235e-01   2.8855875e-01  -4.2543263e-01  -7.2512124e-02  -5.6384047e-01  -7.6990136e-01   3.4282418e-02  -4.8808880e-01
   2.0000000e+00   2.2339695e-02  -1.1434669e+00   1.0927880e+00  -1.3826167e+00   1.3855609e+00  -9.2274845e-01  -9.8541524e-01  -2.1052873e-01  -5.7547773e-01  -7.3841794e-01
   2.0000000e+00   1.3790287e+00   2.4539720e+00  -6.2313374e-01  -6.1622934e-01  -1.0927261e+00   1.3435184e+00  -9.1380475e-01   9.7426860e-01  -9.6793198e-01   8.4759539e-01
   1.0000000e+00  -9.3062603e-01   1.8015626e-01   1.0434998e-01  -9.4902117e-02   2.8802856e-01  -1.3338511e+00   1.6124308e-01   8.3157331e-02   2.2644894e+00  -3.2695454e-01
   2.0000000e+00   2.5158127e-01  -8.2587098e-01  -1.3455477e-01   1.0414477e+00  -8.2762855e-01  -1.0084833e+00  -1.2434298e-01  -4.0762184e-01   1.2018820e-01   6.6298318e-01
   2.0000000e+00   1.1572508e+00   1.5852241e+00  -9.6364837e-01  -5.7478692e-01  -6.4810410e-01   6.4010576e-02   4.0842997e-01   6.9838493e-01  -5.6749281e-01   6.5339582e-01
   1.0000000e+00  -1.0630005e+00  -6.7574324e-01   2.5813484e-01   1.7385175e+00   7.1628849e-01  -3.8310964e-02   1.8424645e-01  -5.2798725e-01  -3.7844458e-01  -6.2195419e-01
   2.0000000e+00  -1.3377652e+00   8.5862951e-01   2.1040139e+00   2.5864698e+00   4.1524987e-01   1.5346265e+00  -6.5535015e-01  -2.1905603e+00  -7.2401248e-01   7.6183916e-01
   2.0000000e+00   7.9910104e-01  -1.1595825e+00  -1.3912141e+00  -2.0993714e+00  -1.2674811e+00   1.4730909e+00   8.0289702e-01   1.5401653e-01   3.7653466e-01   2.7789855e-01
   2.0000000e+00  -6.9015943e-02   3.3149077e-01  -1.7456512e+00  -6.9804877e-02  -1.0888822e+00  -1.0431168e+00  -3.8065773e-01  -1.6694107e+00   8.9314873e-01  -2.0725201e-01
   2.0000000e+00  -1.5440937e+00   1.3601002e+00  -2.1195724e+00   6.6701107e-01  -4.4555812e-01  -9.4366937e-01   1.2131588e+00  -5.9595142e-01  -1.1950527e+00  -1.0219714e+00
   1.0000000e+00   9.4635271e-01  -8.0297745e-01   9.4734287e-02   2.0848653e+00   9.5604070e-01   1.3180741e+00   1.6905731e+00   5.2150552e-01  -1.5702693e+00   8.0628641e-01
   2.0000000e+00  -1.2224064e+00  -2.6958740e-01  -3.7354239e-01   1.2973772e+00  -6.8288206e-01   5.2016041e-01   1.6107712e+00  -1.8335450e-01  -6.4981109e-01  -2.1047117e+00
   2.0000000e+00  -7.3221150e-01  -3.3845812e-01   5.2080102e-01  -4.5068521e-01  -1.4229208e+00  -2.4939120e-01  -1.2641152e+00  -1.4582942e+00   6.3125947e-01  -2.0690562e-01
   2.0000000e+00   9.1685615e-01   3.6861612e-01  -1.6531188e-01   6.4208462e-01  -7.6403216e-01  -1.8597640e+00   1.0788017e+00   8.1831065e-01   1.1462368e+00   5.3941285e-01
   2.0000000e+00   5.0463448e-01   6.9669625e-01   1.2035606e+00   1.9108267e+00   9.5912998e-01   2.1785287e-01  -1.0712380e+00  -7.3061516e-02  -8.3507874e-01  -1.0561730e+00
   1.0000000e+00  -5.8208286e-01  -8.3158104e-01   3.5250028e-01  -1.1055237e+00  -1.7339679e-01  -3.9742834e-01   1.3045894e+00   1.2022716e+00   1.4882317e-01   3.9752698e-02
